49526165,
49472569,
49472541,
49491979,
49472370,
49472593,
49525301,
49540086,
49501988,
49502020,
49513371,
198259001,
49491345,
49491848,
49535790,
49533386,
49451811,
49451785,
49451762,
49515013,
198285625,
49429956,
49422631,
49431374,
49458308,
49527490,
49501887,
49462374,
49509180,
49431174,
49476954,
49472686,
49464754,
49489210,
49418947,
49516645,
49538399,
49487402,
49506410,
192758667,
49427531,
49507323,
49512626,
49494865,
49446261,
49493048,
49496978,
49526440,
49504259,
49513041,
49535687,
49412925,
49514115,
49439375,
49445312,
49463594,
49457933,
49517350,
49455469,
49408836,
49407274,
49508205,
49475614,
49508537,
49409897,
49404848,
49479528,
49478781,
49505181,
49401215,
49493628,
49532481,
49393558,
68279188,
49448212,
49522483,
193526120,
49435624,
49395367,
186196466,
49477519,
53505400,
49538025,
49533840,
49484944,
49433170,
49433625,
145148270,
49479276,
49413408,
53563076,
193526124,
49492063,
49437415,
49437809,
49438239,
49480565,
109605636,
49448821,
49464114,
49503179,
49521932,
49466733,
198285703,
49403102,
49437332,
199626642,
49432518,
49232894,
49484927,
49454422,
49489479,
49521573,
49443996,
49476179,
49489461,
49537872,
49447581,
49507100,
49516839,
197091428,
49406173,
49492652,
49468377,
49432687,
49419456,
49406749,
49474772,
49428858,
49463663,
49447841,
49435346,
49404784,
49502685,
49527438,
49475470,
49504398,
49475254,
49421718,
49538052,
49442110,
49434176,
49475172,
49470721,
49532690,
49471302,
49538831,
49530233,
49428618,
49470037,
49404396,
49428841,
49417457,
49394214,
49498057,
49530761,
49483004,
49458257,
49421581,
49476602,
49399301,
49456342,
49390163,
49445733,
49485118,
49534233,
49469952,
49528802,
49474465,
49390291,
49534637,
49530953,
192762082,
49533743,
49416797,
49510424,
49442844,
49466161,
49502793,
49394285,
49472463,
171967334,
49519594,
49526799,
49470818,
49409584,
49438575,
49490211,
49407057,
49529849,
199567057,
49411136,
188242576,
49416035,
49529598,
49434720,
49486050,
49492249,
49394905,
49442111,
49504199,
49497206,
49482641,
198035833,
49474068,
49418770,
49404553,
49528811,
49509801,
49452292,
49423869,
49405545,
49483390,
49520272,
49442677,
49491613,
49514314,
49521506,
49455883,
49462579,
49490406,
52046667,
49491523,
49516621,
49513559,
193622845,
49402589,
49420774,
192457211,
49447728,
49430711,
49493360,
49526487,
49489357,
49451680,
49513195,
49498715,
49441776,
49421926,
49519516,
49745542,
49515908,
190307549,
49488030,
49499280,
49411614,
49395311,
49418203,
49490987,
49528838,
179477085,
49393753,
49458176,
179477087,
55227698,
49511883,
49537405,
49404395,
49433122,
49409652,
49490118,
167027206,
49392683,
49484945,
49396503,
49395046,
199236960,
49402750,
49484838,
49409301,
49477960,
49530807,
198076210,
49522043,
49529167,
143810762,
49390109,
49510905,
49477166,
49396927,
49465289,
49442614,
199216210,
49474280,
49504934,
49448487,
49522627,
49397407,
49524842,
49537478,
102084175,
49456306,
199582835,
49432049,
124892749,
49485535,
49419290,
49441383,
196339137,
49479764,
179144904,
49522945,
49521481,
49525747,
49527283,
49462693,
49505027,
167230270,
49476675,
49479784,
177593533,
49459074,
195498173,
49415732,
49538139,
199152537,
49402730,
49538041,
199133093,
59458413,
199145190,
199131965,
49481085,
49491162,
199150765,
199128792,
199133091,
199152536,
199150764,
199717026,
49746391,
199612124,
49535335,
49528434,
184542827,
49390357